Zernike Coefficients : Wed Nov  4 12:08:30 2015
========================================
1               -2.179         
2               0.511          
3               0.368          
4               -0.131         
5               0.146          
6               -0.302         
7               0.019          
8               0.030          
9               0.018          
10              0.428          
11              0.004          
12              -0.006         
13              0.003          
14              0.043          
15              0.012          
16              -0.001         
17              -0.003         
18              0.006          
19              0.003          
20              -0.003         
21              0.014          
